20
u120_00
150 120 0
98
98
56
34
55
84
61
30
64
21
39
23
95
56
80
98
25
52
83
24
20
88
76
62
44
29
85
99
79
64
65
63
90
49
37
44
98
34
45
53
87
20
84
21
38
52
65
30
42
84
46
91
34
24
64
39
70
83
82
82
70
60
50
56
90
39
61
70
44
90
47
64
22
74
61
52
29
68
29
94
31
22
92
34
67
85
75
20
86
45
71
44
27
45
68
26
37
54
69
40
25
47
24
60
74
79
93
41
30
98
33
52
45
43
93
99
69
65
89
55
u120_01
150 120 0
76
78
85
77
62
58
99
56
63
74
25
86
43
50
92
84
43
62
98
99
31
29
38
75
92
36
62
34
100
22
88
71
40
78
22
86
53
43
28
53
92
82
97
92
64
69
43
34
62
70
73
32
40
82
29
37
87
65
61
51
40
37
88
41
88
45
48
55
74
69
63
40
89
78
48
64
52
35
75
76
55
32
24
97
37
37
28
75
47
44
42
35
46
85
25
57
93
82
46
54
49
66
21
60
64
43
62
61
54
26
50
38
70
54
34
97
34
83
53
41
u120_02
150 120 0
91
74
73
66
79
53
83
90
69
79
88
62
35
34
31
33
80
26
20
32
100
59
40
73
29
68
82
82
56
98
34
80
21
42
25
86
99
75
72
58
87
24
82
87
66
25
36
78
39
51
37
96
55
32
54
67
97
62
55
20
82
80
41
42
36
94
22
26
45
96
68
28
32
83
29
50
84
32
25
28
50
61
52
95
84
66
91
72
75
70
26
33
24
24
73
78
35
54
95
38
81
32
82
56
91
48
25
67
72
50
34
33
41
73
61
30
64
43
75
38
u120_03
150 120 0
54
39
28
30
33
85
35
84
54
59
24
80
97
90
37
32
20
73
47
23
89
61
76
34
52
49
64
33
20
91
36
41
67
55
61
58
43
81
43
59
54
41
32
80
49
40
41
72
90
81
36
24
34
70
43
99
97
84
88
65
27
88
38
49
25
79
93
87
45
91
92
46
85
22
76
85
79
36
73
59
39
53
91
68
59
62
25
46
40
81
76
100
93
70
46
86
24
59
83
29
71
96
57
80
40
40
58
45
88
33
50
46
74
100
57
42
79
75
34
93
u120_04
150 120 0
53
82
73
26
27
36
21
62
47
66
83
98
23
48
75
56
77
58
96
24
31
36
81
87
36
92
35
69
88
97
64
93
70
97
52
97
39
64
20
86
50
45
77
92
82
60
37
42
34
98
20
23
46
52
78
33
75
51
52
92
82
38
40
56
99
50
63
74
87
55
78
84
81
26
28
23
37
95
87
81
90
60
54
88
50
84
92
54
60
74
86
95
80
97
75
85
54
88
26
94
76
25
47
94
85
64
96
53
25
56
76
92
99
36
70
54
89
30
52
75
u120_05
150 120 0
51
80
49
90
64
79
77
31
84
39
41
82
27
84
86
76
45
42
98
23
61
88
28
99
83
60
77
85
45
71
85
71
87
21
57
70
86
90
41
78
30
42
40
34
27
65
100
66
58
29
31
67
29
72
36
44
41
77
32
66
61
24
63
75
95
76
30
50
50
77
41
57
72
41
48
72
74
77
94
98
95
29
65
21
20
74
53
63
41
74
49
84
60
80
69
71
54
26
56
25
21
37
36
44
96
64
60
74
47
71
25
99
45
64
78
49
95
33
38
81
u120_06
150 120 0
90
37
60
32
60
27
97
54
91
98
79
21
67
77
88
20
79
21
81
97
85
70
47
65
25
39
43
69
76
88
89
53
32
42
81
87
25
92
99
37
51
48
65
78
60
23
73
56
71
54
38
27
63
44
77
45
61
84
88
53
60
65
67
77
62
37
45
66
60
59
26
78
32
40
74
60
96
62
84
72
73
32
63
66
36
97
38
76
44
72
49
47
92
63
21
68
28
27
56
64
55
77
85
72
85
85
93
59
46
99
38
56
87
20
100
43
74
79
87
53
u120_07
150 120 0
53
28
58
70
85
47
68
22
71
65
61
94
98
94
60
78
75
60
48
65
93
58
27
76
56
87
29
36
39
88
41
55
68
87
73
51
62
49
24
77
81
72
84
82
35
37
62
40
56
20
45
74
20
97
25
84
79
67
71
57
95
75
48
95
87
89
62
96
84
86
50
33
28
66
57
34
33
47
100
91
37
52
38
78
25
49
96
54
29
80
40
69
28
74
45
78
52
75
92
75
22
70
79
40
42
93
24
44
94
98
58
69
54
76
30
39
45
79
22
49
u120_08
150 120 0
69
61
47
96
57
92
60
20
20
93
45
78
58
99
98
74
95
98
38
99
63
54
56
34
34
39
28
84
55
29
25
80
84
52
30
92
49
100
75
43
72
33
60
67
86
62
86
86
35
39
63
100
80
94
22
49
83
29
25
45
30
98
74
54
38
65
49
47
63
78
63
48
80
74
48
26
72
70
57
78
72
32
75
74
37
37
79
22
70
72
93
91
41
97
61
51
84
59
44
97
75
52
97
67
37
47
63
74
99
91
74
99
97
85
46
66
94
76
61
70
u120_09
150 120 0
77
20
53
85
51
42
82
99
76
75
30
35
47
20
31
23
58
93
51
40
49
78
72
47
99
64
92
82
41
57
37
40
80
68
25
68
24
61
25
53
74
46
79
92
55
53
28
36
81
61
43
67
91
39
79
21
29
64
89
94
52
23
62
50
36
45
29
78
45
71
48
89
41
97
31
56
97
34
30
53
72
54
45
59
40
65
27
38
56
96
45
87
22
23
76
43
62
49
34
48
23
34
48
77
94
86
58
99
40
45
50
94
70
90
79
68
42
29
23
66
u120_10
150 120 0
37
31
56
65
99
97
26
29
78
32
27
90
29
88
66
50
96
85
20
98
40
30
49
48
59
31
92
57
58
30
33
31
98
72
95
77
63
66
28
64
66
43
48
23
33
56
76
43
58
98
82
51
57
48
94
57
78
31
85
53
77
37
47
76
22
77
85
80
34
39
68
64
40
70
40
69
46
64
51
58
90
22
37
86
20
47
50
88
71
25
84
32
39
87
67
97
37
68
65
31
37
71
24
78
34
92
65
35
70
25
39
43
51
35
53
24
94
76
33
38
u120_11
150 120 0
28
64
29
81
71
76
54
46
79
74
74
75
80
65
53
88
85
74
53
80
83
73
95
71
88
34
93
60
23
72
100
30
28
34
38
98
76
61
46
57
49
96
27
40
57
43
55
74
29
34
64
100
59
78
55
84
69
26
22
36
69
69
21
61
47
93
59
64
20
68
20
69
53
94
46
79
80
77
46
47
87
45
91
81
28
27
61
96
88
64
95
42
30
84
30
49
66
25
26
92
57
96
90
47
47
36
32
80
88
69
64
68
68
56
89
97
82
71
93
30
u120_12
150 120 0
91
70
87
44
86
35
86
71
20
54
34
44
76
22
38
30
67
91
78
36
97
75
86
97
99
69
56
100
80
53
95
25
98
65
93
63
22
46
22
46
63
76
23
69
48
39
77
23
22
47
57
99
26
79
73
50
80
47
21
71
62
100
27
40
93
100
28
88
76
52
46
75
33
99
60
75
42
43
55
95
81
26
80
79
95
47
98
85
53
45
83
32
28
44
45
80
23
71
37
22
85
61
81
26
60
23
73
20
59
54
74
31
40
73
43
49
91
53
24
100
u120_13
150 120 0
52
82
34
75
61
85
65
82
53
68
37
81
53
37
74
29
53
78
80
53
86
65
74
66
77
46
82
26
31
83
48
81
75
44
66
60
55
30
62
85
63
33
70
87
69
20
48
84
98
60
90
35
85
74
82
58
30
40
94
97
92
34
40
54
58
58
37
24
69
76
25
96
98
30
82
27
58
39
85
31
49
53
68
64
41
87
62
65
34
29
94
91
58
74
72
25
32
94
37
27
71
82
96
49
42
78
20
86
25
20
77
74
23
80
32
53
32
37
73
59
u120_14
150 120 0
86
36
72
90
78
87
47
68
67
52
23
31
38
36
49
80
45
35
76
42
81
95
60
37
35
92
54
83
41
21
87
98
45
63
64
51
31
78
79
31
63
81
68
95
71
90
26
91
54
40
46
61
91
24
27
68
89
29
84
58
58
38
87
95
81
74
34
69
29
71
49
66
65
76
30
61
36
32
92
43
24
23
100
77
83
56
73
52
93
61
83
26
58
87
80
62
64
34
69
70
61
90
22
37
96
93
42
96
81
43
83
59
31
65
78
92
50
89
44
90
u120_15
150 120 0
23
71
93
45
24
67
64
59
33
30
31
90
72
62
27
42
48
41
83
42
44
65
50
34
39
46
40
96
40
60
47
63
21
35
81
82
31
79
61
73
39
89
32
46
53
61
44
36
37
31
91
90
51
45
52
70
57
99
59
51
92
64
100
85
85
86
72
52
73
75
59
57
99
51
58
28
76
26
62
89
93
87
34
54
45
28
79
30
66
40
24
93
37
47
63
70
58
98
73
66
53
40
89
37
54
25
74
89
31
62
23
78
26
96
72
65
26
76
45
25
u120_16
150 120 0
70
87
93
70
28
64
43
56
36
57
36
34
67
45
80
84
36
60
49
53
62
87
83
53
43
75
44
64
36
64
74
61
75
59
28
44
74
66
30
91
96
21
91
87
70
61
27
59
65
51
42
53
72
91
45
91
26
72
36
68
59
33
83
77
91
92
60
37
54
80
38
41
47
72
97
66
28
20
26
21
75
79
69
49
35
91
20
81
43
41
98
30
79
57
53
25
61
78
29
39
86
51
52
30
94
74
100
81
55
24
56
93
21
85
92
97
23
27
100
83
u120_17
150 120 0
32
59
20
30
24
58
41
81
50
34
29
70
81
95
74
50
98
37
91
34
45
23
27
46
90
89
59
90
27
100
29
96
84
24
26
24
73
98
92
63
81
63
47
74
73
75
21
22
31
78
51
55
21
53
83
33
54
47
99
56
73
93
29
98
27
77
48
56
80
79
25
59
68
67
83
84
61
55
28
75
96
47
43
68
84
25
97
49
53
41
54
21
39
45
20
64
27
59
96
75
71
33
54
43
99
37
33
22
38
51
23
23
54
76
31
90
34
59
75
35
u120_18
150 120 0
38
23
26
50
40
41
89
62
36
75
40
25
95
76
70
29
23
47
23
31
47
63
94
75
87
24
90
48
28
90
95
89
35
48
30
51
89
44
26
83
40
61
98
45
99
34
38
89
70
61
42
75
33
62
91
31
62
36
65
40
37
27
57
86
74
35
45
86
23
41
88
80
91
72
37
30
66
63
87
37
77
68
46
52
95
22
97
73
72
29
34
45
44
27
86
98
68
54
46
30
51
90
88
64
68
47
36
34
69
24
98
62
33
90
94
27
71
100
29
90
u120_19
150 120 0
41
86
21
26
90
59
41
82
70
33
34
52
20
48
69
65
39
53
43
78
48
99
59
51
80
55
48
91
30
57
97
47
84
95
40
86
78
60
25
69
67
43
24
65
64
43
77
75
98
53
77
87
34
38
62
66
26
57
46
52
76
45
89
76
60
65
22
36
48
39
54
76
52
24
49
39
42
26
68
80
37
29
82
25
71
95
84
63
70
50
49
53
67
50
90
97
93
25
68
93
80
84
44
83
26
98
98
80
33
54
47
73
47
25
74
66
30
27
93
48
